src/seti/data_assets/bergeron_synthetic_wise.ecsv
# %ECSV 1.0
# ---
# datatype:
# - {name: teff, datatype: float64}
# - {name: logg, datatype: float64}
# - {name: M_G, datatype: float64}
# - {name: M_BP, datatype: float64}
# - {name: M_RP, datatype: float64}
# - {name: M_J, datatype: float64}
# - {name: M_H, datatype: float64}
# - {name: M_Ks, datatype: float64}
# - {name: M_W1, datatype: float64}
# - {name: M_W2, datatype: float64}
# meta: !!omap
# - {origin: SYNTHETIC blackbody stand-in (NOT the Montreal table)}
# - {replace_with: Montreal/Bergeron synthetic photometry}
# schema: astropy-2.0
teff logg M_G M_BP M_RP M_J M_H M_Ks M_W1 M_W2
[from data line 99]
20000.0 8.5 10.696241812957176 10.473410992489708 10.704448325992468 10.94817007084296 11.024431960985513 11.06908011666391 11.124356067571302 11.140624621493878
20000.0 9.0 10.696241812957176 10.473410992489708 10.704448325992468 10.94817007084296 11.024431960985513 11.06908011666391 11.124356067571302 11.140624621493878
20000.0 9.5 10.696241812957176 10.473410992489708 10.704448325992468 10.94817007084296 11.024431960985513 11.06908011666391 11.124356067571302 11.140624621493878
21000.0 7.0 10.610915233346825 10.378005286530458 10.624758483403847 10.878719222835787 10.959483637883467 11.007027107877727 11.065642327715926 11.083508347600654
21000.0 7.5 10.610915233346825 10.378005286530458 10.624758483403847 10.878719222835787 10.959483637883467 11.007027107877727 11.065642327715926 11.083508347600654
21000.0 8.0 10.610915233346825 10.378005286530458 10.624758483403847 10.878719222835787 10.959483637883467 11.007027107877727 11.065642327715926 11.083508347600654
21000.0 8.5 10.610915233346825 10.378005286530458 10.624758483403847 10.878719222835787 10.959483637883467 11.007027107877727 11.065642327715926 11.083508347600654
21000.0 9.0 10.610915233346825 10.378005286530458 10.624758483403847 10.878719222835787 10.959483637883467 11.007027107877727 11.065642327715926 11.083508347600654
21000.0 9.5 10.610915233346825 10.378005286530458 10.624758483403847 10.878719222835787 10.959483637883467 11.007027107877727 11.065642327715926 11.083508347600654
22000.0 7.0 10.531187918050653 10.28922200875693 10.550102031649885 10.813290608490501 10.898121813932944 10.948283981418303 11.00992341341244 11.029237839095599
22000.0 7.5 10.531187918050653 10.28922200875693 10.550102031649885 10.813290608490501 10.898121813932944 10.948283981418303 11.00992341341244 11.029237839095599
22000.0 8.0 10.531187918050653 10.28922200875693 10.550102031649885 10.813290608490501 10.898121813932944 10.948283981418303 11.00992341341244 11.029237839095599
22000.0 8.5 10.531187918050653 10.28922200875693 10.550102031649885 10.813290608490501 10.898121813932944 10.948283981418303 11.00992341341244 11.029237839095599
22000.0 9.0 10.531187918050653 10.28922200875693 10.550102031649885 10.813290608490501 10.898121813932944 10.948283981418303 11.00992341341244 11.029237839095599
22000.0 9.5 10.531187918050653 10.28922200875693 10.550102031649885 10.813290608490501 10.898121813932944 10.948283981418303 11.00992341341244 11.029237839095599
23000.0 7.0 10.456408428517145 10.206263978480445 10.479907661274774 10.751454522432425 10.839976867478466 10.892518855258418 10.95690996406323 10.977543655691548
23000.0 7.5 10.456408428517145 10.206263978480445 10.479907661274774 10.751454522432425 10.839976867478466 10.892518855258418 10.95690996406323 10.977543655691548
23000.0 8.0 10.456408428517145 10.206263978480445 10.479907661274774 10.751454522432425 10.839976867478466 10.892518855258418 10.95690996406323 10.977543655691548
23000.0 8.5 10.456408428517145 10.206263978480445 10.479907661274774 10.751454522432425 10.839976867478466 10.892518855258418 10.95690996406323 10.977543655691548
23000.0 9.0 10.456408428517145 10.206263978480445 10.479907661274774 10.751454522432425 10.839976867478466 10.892518855258418 10.95690996406323 10.977543655691548
23000.0 9.5 10.456408428517145 10.206263978480445 10.479907661274774 10.751454522432425 10.839976867478466 10.892518855258418 10.95690996406323 10.977543655691548
24000.0 7.0 10.38602897018123 10.128463725606618 10.413693405547884 10.69284550649375 10.784732899882902 10.839447017951866 10.906352475946948 10.928192817800134
24000.0 7.5 10.38602897018123 10.128463725606618 10.413693405547884 10.69284550649375 10.784732899882902 10.839447017951866 10.906352475946948 10.928192817800134
24000.0 8.0 10.38602897018123 10.128463725606618 10.413693405547884 10.69284550649375 10.784732899882902 10.839447017951866 10.906352475946948 10.928192817800134
24000.0 8.5 10.38602897018123 10.128463725606618 10.413693405547884 10.69284550649375 10.784732899882902 10.839447017951866 10.906352475946948 10.928192817800134
24000.0 9.0 10.38602897018123 10.128463725606618 10.413693405547884 10.69284550649375 10.784732899882902 10.839447017951866 10.906352475946948 10.928192817800134
24000.0 9.5 10.38602897018123 10.128463725606618 10.413693405547884 10.69284550649375 10.784732899882902 10.839447017951866 10.906352475946948 10.928192817800134
25000.0 7.0 10.319585024793469 10.055257606569787 10.351049301639542 10.637150305007122 10.732117891766027 10.78882244521938 10.858034324845974 10.88098252297399
25000.0 7.5 10.319585024793469 10.055257606569787 10.351049301639542 10.637150305007122 10.732117891766027 10.78882244521938 10.858034324845974 10.88098252297399
25000.0 8.0 10.319585024793469 10.055257606569787 10.351049301639542 10.637150305007122 10.732117891766027 10.78882244521938 10.858034324845974 10.88098252297399
25000.0 8.5 10.319585024793469 10.055257606569787 10.351049301639542 10.637150305007122 10.732117891766027 10.78882244521938 10.858034324845974 10.88098252297399
25000.0 9.0 10.319585024793469 10.055257606569787 10.351049301639542 10.637150305007122 10.732117891766027 10.78882244521938 10.858034324845974 10.88098252297399
25000.0 9.5 10.319585024793469 10.055257606569787 10.351049301639542 10.637150305007122 10.732117891766027 10.78882244521938 10.858034324845974 10.88098252297399
26000.0 7.0 10.256679665809704 9.986165934919264 10.291624001549554 10.584098489960141 10.681896000316183 10.740431132748636 10.811766247791326 10.835735158129282
26000.0 7.5 10.256679665809704 9.986165934919264 10.291624001549554 10.584098489960141 10.681896000316183 10.740431132748636 10.811766247791326 10.835735158129282
26000.0 8.0 10.256679665809704 9.986165934919264 10.291624001549554 10.584098489960141 10.681896000316183 10.740431132748636 10.811766247791326 10.835735158129282
26000.0 8.5 10.256679665809704 9.986165934919264 10.291624001549554 10.584098489960141 10.681896000316183 10.740431132748636 10.811766247791326 10.835735158129282
26000.0 9.0 10.256679665809704 9.986165934919264 10.291624001549554 10.584098489960141 10.681896000316183 10.740431132748636 10.811766247791326 10.835735158129282
26000.0 9.5 10.256679665809704 9.986165934919264 10.291624001549554 10.584098489960141 10.681896000316183 10.740431132748636 10.811766247791326 10.835735158129282
27000.0 7.0 10.196971338576759 9.92077755061732 10.235114312425534 10.533455081247476 10.633861465097713 10.694085799548125 10.767381933213331 10.792294299986482
27000.0 7.5 10.196971338576759 9.92077755061732 10.235114312425534 10.533455081247476 10.633861465097713 10.694085799548125 10.767381933213331 10.792294299986482
27000.0 8.0 10.196971338576759 9.92077755061732 10.235114312425534 10.533455081247476 10.633861465097713 10.694085799548125 10.767381933213331 10.792294299986482
27000.0 8.5 10.196971338576759 9.92077755061732 10.235114312425534 10.533455081247476 10.633861465097713 10.694085799548125 10.767381933213331 10.792294299986482
27000.0 9.0 10.196971338576759 9.92077755061732 10.235114312425534 10.533455081247476 10.633861465097713 10.694085799548125 10.767381933213331 10.792294299986482
27000.0 9.5 10.196971338576759 9.92077755061732 10.235114312425534 10.533455081247476 10.633861465097713 10.694085799548125 10.767381933213331 10.792294299986482
28000.0 7.0 10.140164237563988 9.85873770765468 10.181256937954617 10.485014676978404 10.587833737504955 10.64962163835718 10.724734463172966 10.750521478004977
28000.0 7.5 10.140164237563988 9.85873770765468 10.181256937954617 10.485014676978404 10.587833737504955 10.64962163835718 10.724734463172966 10.750521478004977
28000.0 8.0 10.140164237563988 9.85873770765468 10.181256937954617 10.485014676978404 10.587833737504955 10.64962163835718 10.724734463172966 10.750521478004977
28000.0 8.5 10.140164237563988 9.85873770765468 10.181256937954617 10.485014676978404 10.587833737504955 10.64962163835718 10.724734463172966 10.750521478004977
28000.0 9.0 10.140164237563988 9.85873770765468 10.181256937954617 10.485014676978404 10.587833737504955 10.64962163835718 10.724734463172966 10.750521478004977
28000.0 9.5 10.140164237563988 9.85873770765468 10.181256937954617 10.485014676978404 10.587833737504955 10.64962163835718 10.724734463172966 10.750521478004977
29000.0 7.0 10.086000653677004 9.799738472132816 10.129821893486941 10.438596740211722 10.543653551866017 10.606892875051678 10.68369341782287 10.710293531972553
29000.0 7.5 10.086000653677004 9.799738472132816 10.129821893486941 10.438596740211722 10.543653551866017 10.606892875051678 10.68369341782287 10.710293531972553
29000.0 8.0 10.086000653677004 9.799738472132816 10.129821893486941 10.438596740211722 10.543653551866017 10.606892875051678 10.68369341782287 10.710293531972553
29000.0 8.5 10.086000653677004 9.799738472132816 10.129821893486941 10.438596740211722 10.543653551866017 10.606892875051678 10.68369341782287 10.710293531972553
29000.0 9.0 10.086000653677004 9.799738472132816 10.129821893486941 10.438596740211722 10.543653551866017 10.606892875051678 10.68369341782287 10.710293531972553
29000.0 9.5 10.086000653677004 9.799738472132816 10.129821893486941 10.438596740211722 10.543653551866017 10.606892875051678 10.68369341782287 10.710293531972553
30000.0 7.0 10.034254832666257 9.743511040678047 10.080607208007242 10.394041780926388 10.501179728904056 10.565769959638995 10.644142499751567 10.671500437945811
30000.0 7.5 10.034254832666257 9.743511040678047 10.080607208007242 10.394041780926388 10.501179728904056 10.565769959638995 10.644142499751567 10.671500437945811
30000.0 8.0 10.034254832666257 9.743511040678047 10.080607208007242 10.394041780926388 10.501179728904056 10.565769959638995 10.644142499751567 10.671500437945811
30000.0 8.5 10.034254832666257 9.743511040678047 10.080607208007242 10.394041780926388 10.501179728904056 10.565769959638995 10.644142499751567 10.671500437945811
30000.0 9.0 10.034254832666257 9.743511040678047 10.080607208007242 10.394041780926388 10.501179728904056 10.565769959638995 10.644142499751567 10.671500437945811
30000.0 9.5 10.034254832666257 9.743511040678047 10.080607208007242 10.394041780926388 10.501179728904056 10.565769959638995 10.644142499751567 10.671500437945811
31000.0 7.0 9.984728004504483 9.68981954285878 10.033434625645366 10.351208237983398 10.460286554380389 10.52613725509347 10.60597757027204 10.634043506436637
31000.0 7.5 9.984728004504483 9.68981954285878 10.033434625645366 10.351208237983398 10.460286554380389 10.52613725509347 10.60597757027204 10.634043506436637
31000.0 8.0 9.984728004504483 9.68981954285878 10.033434625645366 10.351208237983398 10.460286554380389 10.52613725509347 10.60597757027204 10.634043506436637
31000.0 8.5 9.984728004504483 9.68981954285878 10.033434625645366 10.351208237983398 10.460286554380389 10.52613725509347 10.60597757027204 10.634043506436637
31000.0 9.0 9.984728004504483 9.68981954285878 10.033434625645366 10.351208237983398 10.460286554380389 10.52613725509347 10.60597757027204 10.634043506436637
31000.0 9.5 9.984728004504483 9.68981954285878 10.033434625645366 10.351208237983398 10.460286554380389 10.52613725509347 10.60597757027204 10.634043506436637
32000.0 7.0 9.937244328829374 9.6384560013604 9.988146090945124 10.309969913502375 10.420861613588032 10.487891122109666 10.569105014948288 10.597833878966089
32000.0 7.5 9.937244328829374 9.6384560013604 9.988146090945124 10.309969913502375 10.420861613588032 10.487891122109666 10.569105014948288 10.597833878966089
32000.0 8.0 9.937244328829374 9.6384560013604 9.988146090945124 10.309969913502375 10.420861613588032 10.487891122109666 10.569105014948288 10.597833878966089
32000.0 8.5 9.937244328829374 9.6384560013604 9.988146090945124 10.309969913502375 10.420861613588032 10.487891122109666 10.569105014948288 10.597833878966089
32000.0 9.0 9.937244328829374 9.6384560013604 9.988146090945124 10.309969913502375 10.420861613588032 10.487891122109666 10.569105014948288 10.597833878966089
32000.0 9.5 9.937244328829374 9.6384560013604 9.988146090945124 10.309969913502375 10.420861613588032 10.487891122109666 10.569105014948288 10.597833878966089
33000.0 7.0 9.891647563403273 9.589236203423008 9.944600854126644 10.270213846952231 10.382803990174754 10.450938321326968 10.53344037437144 10.56279126565126
33000.0 7.5 9.891647563403273 9.589236203423008 9.944600854126644 10.270213846952231 10.382803990174754 10.450938321326968 10.53344037437144 10.56279126565126
33000.0 8.0 9.891647563403273 9.589236203423008 9.944600854126644 10.270213846952231 10.382803990174754 10.450938321326968 10.53344037437144 10.56279126565126
33000.0 8.5 9.891647563403273 9.589236203423008 9.944600854126644 10.270213846952231 10.382803990174754 10.450938321326968 10.53344037437144 10.56279126565126
33000.0 9.0 9.891647563403273 9.589236203423008 9.944600854126644 10.270213846952231 10.382803990174754 10.450938321326968 10.53344037437144 10.56279126565126
33000.0 9.5 9.891647563403273 9.589236203423008 9.944600854126644 10.270213846952231 10.382803990174754 10.450938321326968 10.53344037437144 10.56279126565126
34000.0 7.0 9.84779830795172 9.541996295479969 9.9026730708364 10.231838542060752 10.346022758440355 10.415194672086393 10.498907190231048 10.52884287893497
34000.0 7.5 9.84779830795172 9.541996295479969 9.9026730708364 10.231838542060752 10.346022758440355 10.415194672086393 10.498907190231048 10.52884287893497
34000.0 8.0 9.84779830795172 9.541996295479969 9.9026730708364 10.231838542060752 10.346022758440355 10.415194672086393 10.498907190231048 10.52884287893497
34000.0 8.5 9.84779830795172 9.541996295479969 9.9026730708364 10.231838542060752 10.346022758440355 10.415194672086393 10.498907190231048 10.52884287893497
34000.0 9.0 9.84779830795172 9.541996295479969 9.9026730708364 10.231838542060752 10.346022758440355 10.415194672086393 10.498907190231048 10.52884287893497
34000.0 9.5 9.84779830795172 9.541996295479969 9.9026730708364 10.231838542060752 10.346022758440355 10.415194672086393 10.498907190231048 10.52884287893497
35000.0 7.0 9.805571709435497 9.496589956203303 9.862249799320663 10.19475247894343 10.31043571376845 10.380583919970352 10.46543602735483 10.49592252802087
35000.0 7.5 9.805571709435497 9.496589956203303 9.862249799320663 10.19475247894343 10.31043571376845 10.380583919970352 10.46543602735483 10.49592252802087
35000.0 8.0 9.805571709435497 9.496589956203303 9.862249799320663 10.19475247894343 10.31043571376845 10.380583919970352 10.46543602735483 10.49592252802087
35000.0 8.5 9.805571709435497 9.496589956203303 9.862249799320663 10.19475247894343 10.31043571376845 10.380583919970352 10.46543602735483 10.49592252802087
35000.0 9.0 9.805571709435497 9.496589956203303 9.862249799320663 10.19475247894343 10.31043571376845 10.380583919970352 10.46543602735483 10.49592252802087
35000.0 9.5 9.805571709435497 9.496589956203303 9.862249799320663 10.19475247894343 10.31043571376845 10.380583919970352 10.46543602735483 10.49592252802087
36000.0 7.0 9.764855540059846 9.452886035519388 9.82322931931231 10.158872858421798 10.2759682976152 10.347036775408185 10.432963640512714 10.463969845822144
36000.0 7.5 9.764855540059846 9.452886035519388 9.82322931931231 10.158872858421798 10.2759682976152 10.347036775408185 10.432963640512714 10.463969845822144
36000.0 8.0 9.764855540059846 9.452886035519388 9.82322931931231 10.158872858421798 10.2759682976152 10.347036775408185 10.432963640512714 10.463969845822144
36000.0 8.5 9.764855540059846 9.452886035519388 9.82322931931231 10.158872858421798 10.2759682976152 10.347036775408185 10.432963640512714 10.463969845822144
36000.0 9.0 9.764855540059846 9.452886035519388 9.82322931931231 10.158872858421798 10.2759682976152 10.347036775408185 10.432963640512714 10.463969845822144
36000.0 9.5 9.764855540059846 9.452886035519388 9.82322931931231 10.158872858421798 10.2759682976152 10.347036775408185 10.432963640512714 10.463969845822144
