src/seti/data_assets/bergeron_synthetic_wise.ecsv
# %ECSV 1.0
# ---
# datatype:
# - {name: teff, datatype: float64}
# - {name: logg, datatype: float64}
# - {name: M_G, datatype: float64}
# - {name: M_BP, datatype: float64}
# - {name: M_RP, datatype: float64}
# - {name: M_J, datatype: float64}
# - {name: M_H, datatype: float64}
# - {name: M_Ks, datatype: float64}
# - {name: M_W1, datatype: float64}
# - {name: M_W2, datatype: float64}
# meta: !!omap
# - {origin: SYNTHETIC blackbody stand-in (NOT the Montreal table)}
# - {replace_with: Montreal/Bergeron synthetic photometry}
# schema: astropy-2.0
teff logg M_G M_BP M_RP M_J M_H M_Ks M_W1 M_W2
4000.0 7.0 15.790049994937121 16.669789395343347 15.17713936326153 14.304949940338156 13.907493979339625 13.657815426167442 13.38722831124214 13.253820014267559
4000.0 7.5 15.790049994937121 16.669789395343347 15.17713936326153 14.304949940338156 13.907493979339625 13.657815426167442 13.38722831124214 13.253820014267559
4000.0 8.0 15.790049994937121 16.669789395343347 15.17713936326153 14.304949940338156 13.907493979339625 13.657815426167442 13.38722831124214 13.253820014267559
4000.0 8.5 15.790049994937121 16.669789395343347 15.17713936326153 14.304949940338156 13.907493979339625 13.657815426167442 13.38722831124214 13.253820014267559
4000.0 9.0 15.790049994937121 16.669789395343347 15.17713936326153 14.304949940338156 13.907493979339625 13.657815426167442 13.38722831124214 13.253820014267559
4000.0 9.5 15.790049994937121 16.669789395343347 15.17713936326153 14.304949940338156 13.907493979339625 13.657815426167442 13.38722831124214 13.253820014267559
5000.0 7.0 14.619471718624307 15.198006856438566 14.179340706518548 13.62203373508583 13.358429581872592 13.19107584650035 13.010008544320868 12.916834390190273
5000.0 7.5 14.619471718624307 15.198006856438566 14.179340706518548 13.62203373508583 13.358429581872592 13.19107584650035 13.010008544320868 12.916834390190273
5000.0 8.0 14.619471718624307 15.198006856438566 14.179340706518548 13.62203373508583 13.358429581872592 13.19107584650035 13.010008544320868 12.916834390190273
5000.0 8.5 14.619471718624307 15.198006856438566 14.179340706518548 13.62203373508583 13.358429581872592 13.19107584650035 13.010008544320868 12.916834390190273
5000.0 9.0 14.619471718624307 15.198006856438566 14.179340706518548 13.62203373508583 13.358429581872592 13.19107584650035 13.010008544320868 12.916834390190273
5000.0 9.5 14.619471718624307 15.198006856438566 14.179340706518548 13.62203373508583 13.358429581872592 13.19107584650035 13.010008544320868 12.916834390190273
6000.0 7.0 13.829729436499731 14.212059965007548 13.500810473210151 13.143405246745552 12.96404091470656 12.848571182300677 12.724318790460963 12.656943656654322
6000.0 7.5 13.829729436499731 14.212059965007548 13.500810473210151 13.143405246745552 12.96404091470656 12.848571182300677 12.724318790460963 12.656943656654322
6000.0 8.0 13.829729436499731 14.212059965007548 13.500810473210151 13.143405246745552 12.96404091470656 12.848571182300677 12.724318790460963 12.656943656654322
6000.0 8.5 13.829729436499731 14.212059965007548 13.500810473210151 13.143405246745552 12.96404091470656 12.848571182300677 12.724318790460963 12.656943656654322
6000.0 9.0 13.829729436499731 14.212059965007548 13.500810473210151 13.143405246745552 12.96404091470656 12.848571182300677 12.724318790460963 12.656943656654322
6000.0 9.5 13.829729436499731 14.212059965007548 13.500810473210151 13.143405246745552 12.96404091470656 12.848571182300677 12.724318790460963 12.656943656654322
7000.0 7.0 13.255844781281148 13.501933718731012 13.003442063744748 12.782494985659792 12.66051530458536 12.580519357793598 12.495386746892066 12.445928514144262
7000.0 7.5 13.255844781281148 13.501933718731012 13.003442063744748 12.782494985659792 12.66051530458536 12.580519357793598 12.495386746892066 12.445928514144262
7000.0 8.0 13.255844781281148 13.501933718731012 13.003442063744748 12.782494985659792 12.66051530458536 12.580519357793598 12.495386746892066 12.445928514144262
7000.0 8.5 13.255844781281148 13.501933718731012 13.003442063744748 12.782494985659792 12.66051530458536 12.580519357793598 12.495386746892066 12.445928514144262
7000.0 9.0 13.255844781281148 13.501933718731012 13.003442063744748 12.782494985659792 12.66051530458536 12.580519357793598 12.495386746892066 12.445928514144262
7000.0 9.5 13.255844781281148 13.501933718731012 13.003442063744748 12.782494985659792 12.66051530458536 12.580519357793598 12.495386746892066 12.445928514144262
8000.0 7.0 12.816078375516868 12.963035843170548 12.618998599589204 12.496341430040424 12.41575196786275 12.361453360402013 12.304841166801715 12.268538059916636
8000.0 7.5 12.816078375516868 12.963035843170548 12.618998599589204 12.496341430040424 12.41575196786275 12.361453360402013 12.304841166801715 12.268538059916636
8000.0 8.0 12.816078375516868 12.963035843170548 12.618998599589204 12.496341430040424 12.41575196786275 12.361453360402013 12.304841166801715 12.268538059916636
8000.0 8.5 12.816078375516868 12.963035843170548 12.618998599589204 12.496341430040424 12.41575196786275 12.361453360402013 12.304841166801715 12.268538059916636
8000.0 9.0 12.816078375516868 12.963035843170548 12.618998599589204 12.496341430040424 12.41575196786275 12.361453360402013 12.304841166801715 12.268538059916636
8000.0 9.5 12.816078375516868 12.963035843170548 12.618998599589204 12.496341430040424 12.41575196786275 12.361453360402013 12.304841166801715 12.268538059916636
9000.0 7.0 12.465474500867174 12.537633194766604 12.309971732888052 12.261095390472708 12.211670650173543 12.176804744639329 12.141881874095418 12.115641906049488
9000.0 7.5 12.465474500867174 12.537633194766604 12.309971732888052 12.261095390472708 12.211670650173543 12.176804744639329 12.141881874095418 12.115641906049488
9000.0 8.0 12.465474500867174 12.537633194766604 12.309971732888052 12.261095390472708 12.211670650173543 12.176804744639329 12.141881874095418 12.115641906049488
9000.0 8.5 12.465474500867174 12.537633194766604 12.309971732888052 12.261095390472708 12.211670650173543 12.176804744639329 12.141881874095418 12.115641906049488
9000.0 9.0 12.465474500867174 12.537633194766604 12.309971732888052 12.261095390472708 12.211670650173543 12.176804744639329 12.141881874095418 12.115641906049488
9000.0 9.5 12.465474500867174 12.537633194766604 12.309971732888052 12.261095390472708 12.211670650173543 12.176804744639329 12.141881874095418 12.115641906049488
10000.0 7.0 12.177309818586316 12.191352922198522 12.054037466006498 12.062379213167787 12.0372158967363 12.017539999350992 11.999654539972916 11.981358337833562
10000.0 7.5 12.177309818586316 12.191352922198522 12.054037466006498 12.062379213167787 12.0372158967363 12.017539999350992 11.999654539972916 11.981358337833562
10000.0 8.0 12.177309818586316 12.191352922198522 12.054037466006498 12.062379213167787 12.0372158967363 12.017539999350992 11.999654539972916 11.981358337833562
10000.0 8.5 12.177309818586316 12.191352922198522 12.054037466006498 12.062379213167787 12.0372158967363 12.017539999350992 11.999654539972916 11.981358337833562
10000.0 9.0 12.177309818586316 12.191352922198522 12.054037466006498 12.062379213167787 12.0372158967363 12.017539999350992 11.999654539972916 11.981358337833562
10000.0 9.5 12.177309818586316 12.191352922198522 12.054037466006498 12.062379213167787 12.0372158967363 12.017539999350992 11.999654539972916 11.981358337833562
11000.0 7.0 11.934708201369862 11.902494582018672 11.837062500044267 11.890960427177507 11.88519300271075 11.877706439186435 11.87355147202985 11.86168389858854
11000.0 7.5 11.934708201369862 11.902494582018672 11.837062500044267 11.890960427177507 11.88519300271075 11.877706439186435 11.87355147202985 11.86168389858854
11000.0 8.0 11.934708201369862 11.902494582018672 11.837062500044267 11.890960427177507 11.88519300271075 11.877706439186435 11.87355147202985 11.86168389858854
11000.0 8.5 11.934708201369862 11.902494582018672 11.837062500044267 11.890960427177507 11.88519300271075 11.877706439186435 11.87355147202985 11.86168389858854
11000.0 9.0 11.934708201369862 11.902494582018672 11.837062500044267 11.890960427177507 11.88519300271075 11.877706439186435 11.87355147202985 11.86168389858854
11000.0 9.5 11.934708201369862 11.902494582018672 11.837062500044267 11.890960427177507 11.88519300271075 11.877706439186435 11.87355147202985 11.86168389858854
12000.0 7.0 11.72648197950113 11.656698016331031 11.64964622069834 11.740607939280963 11.750685590179108 11.753190856553683 11.760333333834863 11.753774142691078
12000.0 7.5 11.72648197950113 11.656698016331031 11.64964622069834 11.740607939280963 11.750685590179108 11.753190856553683 11.760333333834863 11.753774142691078
12000.0 8.0 11.72648197950113 11.656698016331031 11.64964622069834 11.740607939280963 11.750685590179108 11.753190856553683 11.760333333834863 11.753774142691078
12000.0 8.5 11.72648197950113 11.656698016331031 11.64964622069834 11.740607939280963 11.750685590179108 11.753190856553683 11.760333333834863 11.753774142691078
12000.0 9.0 11.72648197950113 11.656698016331031 11.64964622069834 11.740607939280963 11.750685590179108 11.753190856553683 11.760333333834863 11.753774142691078
12000.0 9.5 11.72648197950113 11.656698016331031 11.64964622069834 11.740607939280963 11.750685590179108 11.753190856553683 11.760333333834863 11.753774142691078
13000.0 7.0 11.544913183095623 11.444085226365939 11.485278656097009 11.606943898724406 11.630199825993568 11.641040940748002 11.657639662675454 11.655537456993521
13000.0 7.5 11.544913183095623 11.444085226365939 11.485278656097009 11.606943898724406 11.630199825993568 11.641040940748002 11.657639662675454 11.655537456993521
13000.0 8.0 11.544913183095623 11.444085226365939 11.485278656097009 11.606943898724406 11.630199825993568 11.641040940748002 11.657639662675454 11.655537456993521
13000.0 8.5 11.544913183095623 11.444085226365939 11.485278656097009 11.606943898724406 11.630199825993568 11.641040940748002 11.657639662675454 11.655537456993521
13000.0 9.0 11.544913183095623 11.444085226365939 11.485278656097009 11.606943898724406 11.630199825993568 11.641040940748002 11.657639662675454 11.655537456993521
13000.0 9.5 11.544913183095623 11.444085226365939 11.485278656097009 11.606943898724406 11.630199825993568 11.641040940748002 11.657639662675454 11.655537456993521
14000.0 7.0 11.384497521620496 11.257637149313016 11.339298027857346 11.486789099767831 11.521171721263595 11.539070651582824 11.56369923558966 11.565391932464886
14000.0 7.5 11.384497521620496 11.257637149313016 11.339298027857346 11.486789099767831 11.521171721263595 11.539070651582824 11.56369923558966 11.565391932464886
14000.0 8.0 11.384497521620496 11.257637149313016 11.339298027857346 11.486789099767831 11.521171721263595 11.539070651582824 11.56369923558966 11.565391932464886
14000.0 8.5 11.384497521620496 11.257637149313016 11.339298027857346 11.486789099767831 11.521171721263595 11.539070651582824 11.56369923558966 11.565391932464886
14000.0 9.0 11.384497521620496 11.257637149313016 11.339298027857346 11.486789099767831 11.521171721263595 11.539070651582824 11.56369923558966 11.565391932464886
14000.0 9.5 11.384497521620496 11.257637149313016 11.339298027857346 11.486789099767831 11.521171721263595 11.539070651582824 11.56369923558966 11.565391932464886
15000.0 7.0 11.241197463996372 11.092226559676035 11.208270427029037 11.377770060174356 11.421668560005894 11.445618836046606 11.477150121375717 11.482112768248193
15000.0 7.5 11.241197463996372 11.092226559676035 11.208270427029037 11.377770060174356 11.421668560005894 11.445618836046606 11.477150121375717 11.482112768248193
15000.0 8.0 11.241197463996372 11.092226559676035 11.208270427029037 11.377770060174356 11.421668560005894 11.445618836046606 11.477150121375717 11.482112768248193
15000.0 8.5 11.241197463996372 11.092226559676035 11.208270427029037 11.377770060174356 11.421668560005894 11.445618836046606 11.477150121375717 11.482112768248193
15000.0 9.0 11.241197463996372 11.092226559676035 11.208270427029037 11.377770060174356 11.421668560005894 11.445618836046606 11.477150121375717 11.482112768248193
15000.0 9.5 11.241197463996372 11.092226559676035 11.208270427029037 11.377770060174356 11.421668560005894 11.445618836046606 11.477150121375717 11.482112768248193
16000.0 7.0 11.111979179065996 10.944018091626864 11.08960471010053 11.278072792626585 11.33020007652483 11.359395244972237 11.396923257397182 11.40473265053253
16000.0 7.5 11.111979179065996 10.944018091626864 11.08960471010053 11.278072792626585 11.33020007652483 11.359395244972237 11.396923257397182 11.40473265053253
16000.0 8.0 11.111979179065996 10.944018091626864 11.08960471010053 11.278072792626585 11.33020007652483 11.359395244972237 11.396923257397182 11.40473265053253
16000.0 8.5 11.111979179065996 10.944018091626864 11.08960471010053 11.278072792626585 11.33020007652483 11.359395244972237 11.396923257397182 11.40473265053253
16000.0 9.0 11.111979179065996 10.944018091626864 11.08960471010053 11.278072792626585 11.33020007652483 11.359395244972237 11.396923257397182 11.40473265053253
16000.0 9.5 11.111979179065996 10.944018091626864 11.08960471010053 11.278072792626585 11.33020007652483 11.359395244972237 11.396923257397182 11.40473265053253
17000.0 7.0 10.994515026433142 10.810082868602732 10.981304607288298 11.18628275913973 11.245594647875802 11.279378755396097 11.322164505953518 11.332474517687256
17000.0 7.5 10.994515026433142 10.810082868602732 10.981304607288298 11.18628275913973 11.245594647875802 11.279378755396097 11.322164505953518 11.332474517687256
17000.0 8.0 10.994515026433142 10.810082868602732 10.981304607288298 11.18628275913973 11.245594647875802 11.279378755396097 11.322164505953518 11.332474517687256
17000.0 8.5 10.994515026433142 10.810082868602732 10.981304607288298 11.18628275913973 11.245594647875802 11.279378755396097 11.322164505953518 11.332474517687256
17000.0 9.0 10.994515026433142 10.810082868602732 10.981304607288298 11.18628275913973 11.245594647875802 11.279378755396097 11.322164505953518 11.332474517687256
17000.0 9.5 10.994515026433142 10.810082868602732 10.981304607288298 11.18628275913973 11.245594647875802 11.279378755396097 11.322164505953518 11.332474517687256
18000.0 7.0 10.886986405839597 10.688143397621392 10.881804081539242 11.101277525424575 11.166915563650361 11.204748024615814 11.252180923746774 11.264704874287032
18000.0 7.5 10.886986405839597 10.688143397621392 10.881804081539242 11.101277525424575 11.166915563650361 11.204748024615814 11.252180923746774 11.264704874287032
18000.0 8.0 10.886986405839597 10.688143397621392 10.881804081539242 11.101277525424575 11.166915563650361 11.204748024615814 11.252180923746774 11.264704874287032
18000.0 8.5 10.886986405839597 10.688143397621392 10.881804081539242 11.101277525424575 11.166915563650361 11.204748024615814 11.252180923746774 11.264704874287032
18000.0 9.0 10.886986405839597 10.688143397621392 10.881804081539242 11.101277525424575 11.166915563650361 11.204748024615814 11.252180923746774 11.264704874287032
18000.0 9.5 10.886986405839597 10.688143397621392 10.881804081539242 11.101277525424575 11.166915563650361 11.204748024615814 11.252180923746774 11.264704874287032
19000.0 7.0 10.78794952726973 10.576400167590743 10.78985495212238 11.022152772951056 11.093402861050869 11.13483298322468 11.18640277382597 11.200900566186743
19000.0 7.5 10.78794952726973 10.576400167590743 10.78985495212238 11.022152772951056 11.093402861050869 11.13483298322468 11.18640277382597 11.200900566186743
19000.0 8.0 10.78794952726973 10.576400167590743 10.78985495212238 11.022152772951056 11.093402861050869 11.13483298322468 11.18640277382597 11.200900566186743
19000.0 8.5 10.78794952726973 10.576400167590743 10.78985495212238 11.022152772951056 11.093402861050869 11.13483298322468 11.18640277382597 11.200900566186743
19000.0 9.0 10.78794952726973 10.576400167590743 10.78985495212238 11.022152772951056 11.093402861050869 11.13483298322468 11.18640277382597 11.200900566186743
19000.0 9.5 10.78794952726973 10.576400167590743 10.78985495212238 11.022152772951056 11.093402861050869 11.13483298322468 11.18640277382597 11.200900566186743
20000.0 7.0 10.696241812957176 10.473410992489708 10.704448325992468 10.94817007084296 11.024431960985513 11.06908011666391 11.124356067571302 11.140624621493878
20000.0 7.5 10.696241812957176 10.473410992489708 10.704448325992468 10.94817007084296 11.024431960985513 11.06908011666391 11.124356067571302 11.140624621493878
