src/seti/data_assets/bergeron_synthetic_wise.ecsv
# %ECSV 1.0
# ---
# datatype:
# - {name: teff, datatype: float64}
# - {name: logg, datatype: float64}
# - {name: M_G, datatype: float64}
# - {name: M_BP, datatype: float64}
# - {name: M_RP, datatype: float64}
# - {name: M_J, datatype: float64}
# - {name: M_H, datatype: float64}
# - {name: M_Ks, datatype: float64}
# - {name: M_W1, datatype: float64}
# - {name: M_W2, datatype: float64}
# meta: !!omap
# - {origin: SYNTHETIC blackbody stand-in (NOT the Montreal table)}
# - {replace_with: Montreal/Bergeron synthetic photometry}
# schema: astropy-2.0
teff logg M_G M_BP M_RP M_J M_H M_Ks M_W1 M_W2
[from data line 199]
37000.0 7.5 9.72554857842293 9.410766571582027 9.78551971310379 10.124124536604349 10.242552682475011 10.31449009332878 10.401432261043645 10.432929625833955
37000.0 8.0 9.72554857842293 9.410766571582027 9.78551971310379 10.124124536604349 10.242552682475011 10.31449009332878 10.401432261043645 10.432929625833955
37000.0 8.5 9.72554857842293 9.410766571582027 9.78551971310379 10.124124536604349 10.242552682475011 10.31449009332878 10.401432261043645 10.432929625833955
37000.0 9.0 9.72554857842293 9.410766571582027 9.78551971310379 10.124124536604349 10.242552682475011 10.31449009332878 10.401432261043645 10.432929625833955
37000.0 9.5 9.72554857842293 9.410766571582027 9.78551971310379 10.124124536604349 10.242552682475011 10.31449009332878 10.401432261043645 10.432929625833955
38000.0 7.0 9.687559238778684 9.370125116286829 9.749037661650565 10.090439116337128 10.210126989184403 10.282886169798706 10.370788983231176 10.40275125070524
38000.0 7.5 9.687559238778684 9.370125116286829 9.749037661650565 10.090439116337128 10.210126989184403 10.282886169798706 10.370788983231176 10.40275125070524
38000.0 8.0 9.687559238778684 9.370125116286829 9.749037661650565 10.090439116337128 10.210126989184403 10.282886169798706 10.370788983231176 10.40275125070524
38000.0 8.5 9.687559238778684 9.370125116286829 9.749037661650565 10.090439116337128 10.210126989184403 10.282886169798706 10.370788983231176 10.40275125070524
38000.0 9.0 9.687559238778684 9.370125116286829 9.749037661650565 10.090439116337128 10.210126989184403 10.282886169798706 10.370788983231176 10.40275125070524
38000.0 9.5 9.687559238778684 9.370125116286829 9.749037661650565 10.090439116337128 10.210126989184403 10.282886169798706 10.370788983231176 10.40275125070524
39000.0 7.0 9.650804404601104 9.330865314187692 9.713707418085049 10.057754168743735 10.178634614323043 10.252172136230303 10.340985234166379 10.373388197713439
39000.0 7.5 9.650804404601104 9.330865314187692 9.713707418085049 10.057754168743735 10.178634614323043 10.252172136230303 10.340985234166379 10.373388197713439
39000.0 8.0 9.650804404601104 9.330865314187692 9.713707418085049 10.057754168743735 10.178634614323043 10.252172136230303 10.340985234166379 10.373388197713439
39000.0 8.5 9.650804404601104 9.330865314187692 9.713707418085049 10.057754168743735 10.178634614323043 10.252172136230303 10.340985234166379 10.373388197713439
39000.0 9.0 9.650804404601104 9.330865314187692 9.713707418085049 10.057754168743735 10.178634614323043 10.252172136230303 10.340985234166379 10.373388197713439
39000.0 9.5 9.650804404601104 9.330865314187692 9.713707418085049 10.057754168743735 10.178634614323043 10.252172136230303 10.340985234166379 10.373388197713439
40000.0 7.0 9.615208431330252 9.292899690721924 9.679459928428157 10.026012563237362 10.14802364969971 10.222299435394476 10.311976313844369 10.344797609056513
40000.0 7.5 9.615208431330252 9.292899690721924 9.679459928428157 10.026012563237362 10.14802364969971 10.222299435394476 10.311976313844369 10.344797609056513
40000.0 8.0 9.615208431330252 9.292899690721924 9.679459928428157 10.026012563237362 10.14802364969971 10.222299435394476 10.311976313844369 10.344797609056513
40000.0 8.5 9.615208431330252 9.292899690721924 9.679459928428157 10.026012563237362 10.14802364969971 10.222299435394476 10.311976313844369 10.344797609056513
40000.0 9.0 9.615208431330252 9.292899690721924 9.679459928428157 10.026012563237362 10.14802364969971 10.222299435394476 10.311976313844369 10.344797609056513
40000.0 9.5 9.615208431330252 9.292899690721924 9.679459928428157 10.026012563237362 10.14802364969971 10.222299435394476 10.311976313844369 10.344797609056513
